2 0 53
 3 0 53
 3 0 53
 3 0 53
 3 0 53
 3 0 53
 3 0 53
 4 0 53
 5 0 53
 6 0 53
 7 0 53
 8 0 53
 9 0 53
 9 1 54
10 0 54
 10 1 55
11 0 55
 11 1 56
12 0 56
 12 1 57
13 0 57
 13 1 58
4 0 58
 5 0 58
 6 0 58
 7 0 58
 8 0 58
 9 1 58
 9 2 61
4 0 61
 5 0 61
 6 0 61
 7 0 61
 8 0 61
 10 1 61
 10 2 64
4 0 64
 5 0 64
 6 0 64
 7 0 64
 8 0 64
 11 1 64
 11 2 67
4 0 67
 5 0 67
 6 0 67
 7 0 67
 8 0 67
 12 1 67
 12 2 70
4 0 70
 5 0 70
 6 0 70
 7 0 70
 8 0 70
 13 1 70
 13 2 73
4 0 73
 5 0 73
 6 0 73
 7 0 73
 8 0 73
 9 2 73
 9 3 82
4 0 82
 5 0 82
 6 0 82
 7 0 82
 8 0 82
 10 2 82
 10 3 91
4 0 91
 5 0 91
 6 0 91
 7 0 91
 8 0 91
 11 2 91
 11 3 100
12 2 100
 12 1 100
 4 0 100
 5 0 100
 6 0 100
 7 0 100
 8 0 100
 12 1 100
 12 2 103
13 2 103
 13 1 103
 4 0 103
 5 0 103
 6 0 103
 7 0 103
 8 0 103
 13 1 103
 13 2 106
4 0 106
 5 0 106
 6 0 106
 7 0 106
 8 0 106
 12 2 106
 12 3 115
9 3 115
 9 2 115
 4 0 115
 5 0 115
 6 0 115
 7 0 115
 8 0 115
 13 2 115
 13 3 124
10 3 124
 10 2 124
 4 0 124
 5 0 124
 6 0 124
 7 0 124
 8 0 124
 9 2 124
 9 3 133
11 3 133
 11 2 133
 4 0 133
 5 0 133
 6 0 133
 7 0 133
 8 0 133
 10 2 133
 10 3 142
4 0 142
 5 0 142
 6 0 142
 7 0 142
 8 0 142
 11 2 142
 11 3 151
12 3 151
 12 2 151
 4 0 151
 5 0 151
 6 0 151
 7 0 151
 8 0 151
 12 2 151
 12 3 160
13 3 160
 13 2 160
 4 0 160
 5 0 160
 6 0 160
 7 0 160
 8 0 160
 13 2 160
 13 3 169
9 3 169
 9 2 169
 4 0 169
 5 0 169
 6 0 169
 7 0 169
 8 0 169
 9 2 169
 10 3 177
 10 2 177
 4 0 177
 5 0 177
 6 0 177
 7 0 177
 8 0 177
 3 0 177
 10 2 177
 10 3 186
11 3 186
 11 2 186
 4 0 186
 5 0 186
 6 0 186
 7 0 186
 8 0 186
 11 2 186
 11 3 195
12 3 195
 12 2 195
 4 0 195
 5 0 195
 6 0 195
 7 0 195
 8 0 195
 12 2 195
 13 3 200
 13 2 200
 4 0 200
 5 0 200
 6 0 200
 7 0 200
 8 0 200
 3 0 200
 13 2 200
 4 0 206
 5 0 206
 6 0 206
 7 0 206
 8 0 206
 3 0 206
 10 3 206
 4 0 207
 5 0 207
 6 0 207
 7 0 207
 8 0 207
 3 0 207
 11 3 207
 4 0 209
 5 0 209
 6 0 209
 7 0 209
 8 0 209
 3 0 209
 4 0 210
 5 0 210
 6 0 210
 7 0 210
 8 0 210
 4 0 211
 5 0 211
 6 0 211
 7 0 211
 8 0 211
 4 0 212
 5 0 212
 6 0 212
 7 0 212
 8 0 212
 4 0 213
 5 0 213
 6 0 213
 7 0 213
 8 0 213
 4 0 214
 5 0 214
 6 0 214
 7 0 214
 8 0 214
 4 0 215
 5 0 215
 6 0 215
 7 0 215
 8 0 215
 4 0 216
 5 0 216
 6 0 216
 7 0 216
 8 0 216
 4 0 217
 5 0 217
 6 0 217
 7 0 217
 8 0 217
 4 0 218
 5 0 218
 6 0 218
 7 0 218
 8 0 218
 4 0 219
 5 0 219
 6 0 219
 7 0 219
 8 0 219
 4 0 220
 5 0 220
 6 0 220
 7 0 220
 8 0 220
 4 0 221
 5 0 221
 6 0 221
 7 0 221
 8 0 221
 4 0 222
 5 0 222
 6 0 222
 7 0 222
 8 0 222
 4 0 223
 5 0 223
 6 0 223
 7 0 223
 8 0 223
 4 0 224
 5 0 224
 6 0 224
 7 0 224
 8 0 224
 4 0 225
 5 0 225
 6 0 225
 7 0 225
 8 0 225
 4 0 226
 5 0 226
 6 0 226
 7 0 226
 8 0 226
 4 0 227
 5 0 227
 6 0 227
 7 0 227
 8 0 227
 4 0 228
 5 0 228
 6 0 228
 7 0 228
 8 0 228
 4 0 229
 5 0 229
 6 0 229
 7 0 229
 8 0 229
 4 0 230
 5 0 230
 6 0 230
 7 0 230
 8 0 230
 4 0 231
 5 0 231
 6 0 231
 7 0 231
 8 0 231
 4 0 232
 5 0 232
 6 0 232
 7 0 232
 8 0 232
 4 0 233
 5 0 233
 6 0 233
 7 0 233
 8 0 233
 4 0 234
 5 0 234
 6 0 234
 7 0 234
 8 0 234
 4 0 235
 5 0 235
 6 0 235
 7 0 235
 8 0 235
 4 0 236
 5 0 236
 6 0 236
 7 0 236
 8 0 236
 4 0 237
 5 0 237
 6 0 237
 7 0 237
 8 0 237
 4 0 238
 5 0 238
 6 0 238
 7 0 238
 8 0 238
 4 0 239
 5 0 239
 6 0 239
 7 0 239
 8 0 239
 4 0 240
 5 0 240
 6 0 240
 7 0 240
 8 0 240
 4 0 241
 5 0 241
 6 0 241
 7 0 241
 8 0 241
 4 0 242
 5 0 242
 6 0 242
 7 0 242
 8 0 242
 4 0 243
 5 0 243
 6 0 243
 7 0 243
 8 0 243
 4 0 244
 5 0 244
 6 0 244
 7 0 244
 8 0 244
 4 0 245
 5 0 245
 6 0 245
 7 0 245
 8 0 245
 4 0 246
 5 0 246
 6 0 246
 7 0 246
 8 0 246
 4 0 247
 5 0 247
 6 0 247
 7 0 247
 8 0 247
 4 0 248
 5 0 248
 6 0 248
 7 0 248
 8 0 248
 4 0 249
 5 0 249
 6 0 249
 7 0 249
 8 0 249
 4 0 250
 5 0 250
 6 0 250
 7 0 250
 8 0 250
 4 0 251
 5 0 251
 6 0 251
 7 0 251
 8 0 251
 4 0 252
 5 0 252
 6 0 252
 7 0 252
 8 0 252
 4 0 253
 5 0 253
 6 0 253
 7 0 253
 8 0 253
 3 0 253